1.03E-05
0.980405259
0.997002316
0.995590589
0.995292778
0.995292778
0.996851437
0.986529983
0.990535996
0.991946287
0.983422221
0.996607395
0.990972195
0.992010603
0.991551373
0.974722867
0.986324353
0.993048089
0.963280717
0.963280717
0.996103317
0.991934861
0.989181054
0.987390674
0.939630252
0.939630252
0.992733969
0.993819142
0.982312113
0.997902155
0.995900975
0.99685979
0.884663156
0.995247527
0.992173722
0.96421072
0.995933664
0.985818817
0.965525259
0.996169704
0.998491403
0.996326201
0.997574639
0.998429691
0.998429691
0.996110656
0.997875457
0.996753721
0.994262171
0.987342901
0.996713805
0.995342283
0.989845649
0.993545783
0.996085785
0.996990018
0.996990018
0.992400485
0.996719762
0.997268195
0.996796665
0.996796665
0.997243015
0.997243015
0.997243015
0.997243015
0.997243015
0.995940049
0.997060405
0.982024099
0.989293419
0.995595393
0.992738698
0.980497383
0.997705692
0.99774443
0.998059779
0.998563007
0.995060645
0.991471647
0.991471647
0.996687204
0.996687204
0.996687204
0.991257207
0.997686588
0.996516525
0.96695525
0.992472845
0.989849166
0.989849166
0.997233358
0.996458749
0.997657715
0.998332523
0.997344164
0.997993713
0.9974768
0.995505247
0.987503048
0.995530779
0.995530779
0.996037544
0.892382177
0.892382177
0.986910524
0.995495475
0.989574203
0.995182953
0.993977205
0.993977205
0.990213453
0.991486429
0.992288952
0.982836285
0.99269484
0.993284344
0.398460016
0.994135739
0.975466808
0.983363298
0.983363298
0.998011439
0.997497945
0.984632088
0.994182751
0.99338512
0.989638318
0.994573016
0.997671115
0.988068564
0.982722855
0.991928611
0.991928611
0.991928611
0.705895819
0.992905074
0.942972932
0.991507932
0.97785337
0.993631028
0.995036957
0.986498613
9.06E-07
0.99259576
0.996108096
0.996173645
0.994116132
0.994029685
0.995879503
0.99801834
0.996153322
0.992562391
0.996512989
0.988099941
0.95206437
0.973848366
0.55626383
0.990635501
0.98784868
0.935604404
0.986962793
0.986784988
0.991891222
0.991891222
0.959996317
0.959996317
0.922676145
0.98202971
0.116458277
0.987077521
0.977092393
0.788163036
0.994856012
0.996883186
0.986588965
0.991282918
0.972164151
0.908521377
0.908521377
0.98634592
0.988588907
0.977986963
0.994167705
0.974573928
0.990037458
0.812047504
0.989541524
0.971248906
0.993931391
0.990600853
0.995730704
0.99789588
0.994967145
0.994808999
0.985730063
0.991668423
0.994915739
0.950374337
0.993265023
0.990499281
0.995299568
0.996305213
0.995139333
0.997691769
0.996900284
0.991345355
0.994364789
0.992041369
0.977481883
0.963824722
0.963824722
0.994936192
0.993212334
0.97580983
0.987995878
0.994207798
0.985342632
0.972023199
0.99248445
0.990557769
0.669788375
0.84716637
0.96621549
0.992642541
0.992376795
0.996969352
0.996969352
0.99699112
0.997817749
0.998294543
0.998294543
0.977436866
0.993046702
0.991625842
0.985307123
0.987177397
0.997552936
0.993534973
0.975236424
0.980065455
0.988331124
0.988331124
0.993606091
0.988699463
0.123951123
0.166294189
0.975132512
0.99231739
0.973936654
0.937820223
0.988329975
0.324248932
0.645582161
0.645582161
0.98678523
0.994718425
0.994324122
0.975128108
0.004044851
0.964509839
0.985352034
0.950261586
0.952510036
0.952510036
0.952510036
0.991555185
0.991555185
0.936368001
0.98943587
0.981226758
0.981226758
0.000904081
0.989928487
0.286506906
0.971435224
0.985101005
0.950016708
0.995387717
0.837816667
0.99544459
0.99544459
0.977993748
0.99628483
0.99668217
0.998466586
0.996642486
0.99713033
0.986271381
0.986271381
0.980284286
0.969525749
0.994384987
0.993384929
0.98823925
0.967459835
0.995722526
0.994419255
0.868325189
0.048464031
0.992104321
0.981635763
0.962327791
0.990184169
0.953421263
0.997571114
0.993933191
0.984583883
0.991677049
0.971013172
0.997562977
0.995788394
0.997521987
0.979075129
0.979407501
0.845264509
1.39E-10
0.989165595
0.98593345
0.99445376
0.977713798
0.957790673
0.992105023
0.983610496
0.940430145
0.995676515
0.996530556
0.994257346
0.988980991
0.988980991
0.903257208
0.992376275
0.996210453
0.991567788
0.98989707
0.984031524
0.996861092
0.995268486
0.995905169
0.995228208
0.998472734
0.981312692
0.994438362
0.95086774
0.983856183
0.992340246
0.943739906
0.433522746
0.022197278
0.994200119
0.992786611
0.971610281
0.96648412
0.965619726
0.91096357
0.072538814
0.337020176
0.951944734
0.892915587
0.99577779
0.990959943
0.930813028
0.008903362
0.15980695
0.946296166
0.814171608
0.994191726
0.994191726
0.99244133
0.972010193
0.979258294
0.991823734
0.826093911
0.993642164
0.989229629
0.98682978
0.991810332
0.998449
0.949416034
0.996929834
0.975678053
0.978679716
0.958052718
0.045370993
0.95499386
0.95499386
0.266035197
0.850182452
0.94535231
0.018666403
0.995065088
0.993149869
0.99642119
0.990949802
0.916676997
0.906187174
0.988065639
0.879565073
0.989342398
0.980527342
0.971011421
0.990275226
0.994702121
0.995151198
0.981253185
0.989890162
0.996888558
0.996517865
0.996517865
0.916676621
0.992598574
0.992940725
0.992921783
0.992035229
0.991178462
0.996928604
0.994622654
0.997040329
0.996075673
0.997673238
0.995578495
0.996845644
0.997117883
0.000304226
0.981564905
0.980020616
0.991076057
0.997571786
0.994872771
0.141537331
0.986222545
0.986222545
0.997749995
0.997039852
0.997039852
0.997039852
0.997330126
0.99650952
0.99650952
0.99650952
0.99650952
0.998587457
0.995683011
0.997652027
0.993254938
0.991115887
0.995594133
0.989548107
0.997268659
0.996458677
0.997869652
0.997091227
0.998165427
0.99592746
0.996301134
0.997061345
0.997522899
0.986828239
0.997824959
0.976889809
0.993654029
0.98398968
0.98398968
0.636007031
0.991984877
0.997816578
0.993095925
0.993355562
0.997683534
0.998689785
0.998858612
0.998650421
0.998430998
0.998632414
0.998632414
0.997884594
0.996596137
0.998114848
0.998322564
0.998691736
0.997075858
0.997452567
0.998525594
0.998525594
0.997820301
0.993370443
0.998950929
0.998950929
0.999000821
0.999000821
0.999000821
0.999000821
0.999000821
0.999000821
0.998752961
0.998312379
0.998452859
0.998852796
0.99813973
0.996165867
0.99756341
0.997500776
0.997500776
0.997708631
0.997708631
0.998739894
0.997803165
0.998860423
0.998993891
0.998356802
0.998601642
0.998097454
0.998353664
0.996347733
0.996347733
0.99822807
0.9980328
0.994761781
0.998165997
0.997456421
0.998658968
0.998720166
0.998982584
0.998736347
0.999017978
0.998692905
0.998692905
0.998682389
0.998682389
0.998732656
0.998732656
0.998779685
0.998603232
0.99863954
0.998561241
0.998561241
0.998590745
0.998012915
0.995973589
0.99743785
0.994318092
0.998437666
0.998609333
0.998451676
0.998451676
0.998146619
0.995609212
0.999028093
0.998808561
0.998553406
0.998553406
0.997629428
0.998236363
0.996033224
0.986084773
0.995221516
0.995221516
0.999040503
0.998917819
0.998885191
0.99875676
0.998195721
0.998641011
0.996009049
0.997682877
0.997419166
0.997414135
0.997963391
0.998361718
0.996604549
0.994620066
0.994620066
0.998297563
0.998335833
0.997329334
0.994531574
0.994028564
0.998112989
0.998102229
0.998102229
0.960236947
0.994760603
0.994266626
0.941871123
0.995669105
0.964608299
0.997783886
0.99650268
0.998306305
0.998306305
0.972343662
0.997939989
0.998539013
0.998353686
0.997176942
0.997113734
0.996313122
0.996998472
0.996364792
0.998021888
0.992665545
0.997500412
0.995319247
0.990753322
0.99792052
0.995673012
0.990721576
0.983206338
0.99776856
0.998130355
0.991221622
0.997220154
0.997893138
0.995923544
0.990167251
0.99414293
0.992413727
0.819272382
0.997714488
0.99662306
0.994513518
0.985995746
0.997423514
0.998145882
0.998738732
0.998104669
0.998441676
0.982644753
0.997494601
0.943768513
0.996175549
0.993342754
0.982260282
0.748079011
0.996013953
0.990285676
0.981923544
0.994725869
0.99475641
0.994218793
0.993969583
0.994715444
0.990245592
0.995275254
0.995275254
0.989758088
0.991515653
0.986904196
0.994010162
0.994010162
0.971166559
0.980942657
0.608857232
0.994688096
0.994688096
0.958553075
0.993414826
0.997780355
0.996559811
0.99670189
0.996206995
0.996830665
0.990516903
0.996619345
0.9979688
0.993763632
0.993763632
0.997855517
0.993609894
0.992767786
0.998306434
0.996583461
0.991408954
0.990199781
0.996023705
0.988639161
0.998825462
0.998825462
0.998684785
0.998684785
0.998405853
0.998405853
0.997312431
0.996546713
0.996546713
0.996711116
0.996959513
0.996824575
0.998035743
0.997904151
0.993631809
0.996948178
0.9959952
0.995732107
0.994448581
0.998134857
0.998020246
0.997778769
0.998085007
0.997672081
0.994540082
0.996354688
0.998156147
0.998156147
0.998369335
0.998991498
0.998420776
0.99823097
0.99823097
0.998172806
0.998088178
0.997979881
0.998488447
0.998488447
0.998407955
0.998297791
0.998410236
0.99844361
0.997390139
0.997453766
0.997453766
0.997953661
0.99729084
0.997858623
0.996005955
0.996005955
0.997972606
0.990137309
0.99570978
0.975288728
0.998254698
0.998026966
0.995972406
0.994290724
0.991011892
0.983707197
0.991527603
0.989118515
0.989118515
0.994438973
0.994438973
0.987543922
0.993742605
0.993742605
0.994007806
0.995743031
0.932016727
0.99372033
0.997111527
0.992264481
0.987650623
0.998067235
0.997484832
0.996648895
0.996648895
0.997234885
0.989318963
0.98656524
0.988274919
0.977545911
0.982802838
0.982802838
0.995134757
0.978623692
0.990874874
0.990874874
0.990874874
0.984819451
0.916347178
0.996146831
0.988384149
0.861390186
0.996682327
0.870209753
0.981789512
0.996539041
0.995727407
0.995727407
0.99739671
0.921884036
0.985046391
0.989963944
0.968616495
0.997683479
0.995923499
0.997148954
0.997148954
0.974634277
0.997576809
0.997980309
0.997411741
0.996789948
0.998468897
0.998620072
0.99866256
0.996031133
0.996046853
0.995561973
0.954017451
0.99079652
0.996104338
0.996478334
0.987688601
0.806238718
0.835833514
0.997289784
0.975079907
0.99436208
0.995796276
0.97394719
0.97394719
0.99549677
0.987815976
0.995768753
0.994323793
0.996795373
0.994014231
0.998316115
0.997115002
0.983088979
0.933612107
0.687037543
0.990747921
0.992906332
0.996500536
0.984819088
0.997122441
0.98580074
0.991523796
0.992095207
0.957362492
0.998184221
0.988085705
0.993302932
0.99076434
0.987123388
0.980981735
0.994065488
0.99469529
0.990188457
0.997964364
0.996209074
0.998803823
0.99383015
0.99383015
0.996730234
0.998618932
0.997730245
0.998007461
0.996356945
0.997660592
0.997391392
0.997419964
0.997419964
0.998296069
0.996517848
0.996517848
0.998349494
0.995908494
0.995566828
0.997967878
0.994247545
0.995068201
0.995064222
0.995582758
0.990483987
0.98695845
0.97054246
0.993678329
0.995770336
0.974889522
0.974889522
0.983431608
0.955914952
0.98704235
0.964525344
0.855675858
0.94854571
0.993484524
0.99545627
0.993880261
0.926002808
0.996447991
0.997832146
0.996473951
0.996473951
0.995397544
0.994314834
0.992940995
0.993130892
0.985589268
0.990760826
0.996503777
0.978027082
0.977378841
0.023494852
0.995281904
0.992236748
0.986251204
0.118801821
0.989207379
0.971637808
0.917845644
0.995418435
0.995418435
0.995060894
0.996629628
0.982645511
0.975046766
0.951612396
0.9933022
0.996925487
0.995876417
0.994778305
0.997540818
0.991887017
0.994878464
0.995328984
0.996385677
1.72E-11
0.995687481
0.988149546
0.994472155
0.982385689
0.990219515
0.984242058
0.980874367
0.996108267
0.997222327
0.985339936
0.995707124
0.981628945
0.995537
0.996076021
0.992951541
0.995478352
0.000407385
0.993701505
0.913066796
0.991614246
0.991614246
0.834503055
0.935978082
0.986193966
0.825769642
0.995507829
0.985130518
0.985130518
0.9940634
0.993731935
0.791284093
0.997016713
0.997061471
0.996786683
0.998276285
0.998276285
0.998798125
0.995819697
0.996309976
0.995145117
0.998663597
0.998424039
0.998715285
0.998255424
0.987172663
0.990930166
0.995708108
0.997259789
0.997259789
0.997259789
0.99773036
0.99773036
0.99773036
0.99773036
0.99773036
0.997818258
0.992173954
0.987793918
0.997678654
0.993774771
0.995725401
0.99749325
0.99619059
0.995552104
0.987553809
0.995650995
0.96491529
0.996381843
0.99337033
0.982794977
0.9500017
0.995616213
0.997132054
0.977708991
0.986416907
0.964601449
0.929056888
0.772234125
0.853365925
0.955932651
0.977262768
0.982865094
0.997855686
0.995801274
0.990293456
0.986026113
0.804451739
0.99584044
0.969091519
0.902595784
0.9966663
0.985577159
0.996323707
0.993398754
0.988990598
0.994203984
0.987606588
0.997645751
0.986018963
0.990759953
0.992288108
0.986905926
0.997044763
0.997044763
0.977141886
3.01E-05
3.01E-05
0.951604333
0.02653221
0.890927414
0.540002586
0.759345052
0.396242521
0.990864066
0.909377255
0.805376191
0.805376191
0.960619955
0.969182745
0.98521044
0.323356268
0.986366864
0.98792926
0.92896777
0.994544309
0.989946855
0.981077607
0.990270705
0.994897994
0.976863842
0.994938227
0.922918434
0.988672596
0.934154234
0.94381395
0.887220838
3.32E-06
0.916879002
0.946111414
0.981311021
0.498251928
0.498251928
0.886116608
0.86266326
0.86266326
0.992140982
0.747674132
0.992694495
0.992694495
0.930090041
0.903517303
0.982477438
0.982477438
0.987868456
0.995323021
0.993088753
0.970647427
0.997165141
0.996608737
0.996320928
0.987721289
0.993674146
0.97215966
0.992536614
0.358233906
0.945624404
0.95544124
0.579909966
0.984879657
0.913762821
0.913762821
0.554264465
0.986812593
0.990356087
0.725425681
0.995074557
0.991385557
0.992477298
0.959333089
0.899566054
0.924822912
0.988075415
0.991022884
0.984850481
0.977242023
0.028505088
0.991701211
0.00293618
0.753940862
0.971601431
0.993361009
0.987914427
0.997703954
0.980724107
0.969062517
0.968646516
0.975844422
5.13E-06
0.996169075
0.996169075
0.996422787
0.996552739
0.861927176
0.995649052
0.997885772
0.996276346
0.991476368
0.996802307
0.997523027
0.998402484
0.997947087
0.997947087
0.995957932
0.995109476
0.995109476
0.995109476
0.995109476
0.994905323
0.998664599
0.997794658
0.987466941
0.990579628
0.990579628
0.981748281
0.997056472
0.998242249
0.997418937
0.993402721
0.960678823
0.979190727
0.906600108
0.983564203
0.783876599
0.736656499
0.993698544
0.89267603
0.995453601
0.566624148
0.997172763
0.997172763
0.989345158
0.985218456
0.995905776
0.997757433
0.998215169
0.998215169
0.980096325
0.993699588
0.965094633
0.996438749
0.974787457
0.985477759
0.996086654
0.980286598
0.988479583
0.984810269
0.001689097
0.993842984
0.990399816
0.925817389
0.947208786
0.994739586
0.00309776
0.99661994
0.761920229
0.994306175
0.994306175
0.936848614
0.936848614
0.993090251
0.959642691
0.994835496
0.994835496
0.951117396
0.974438774
0.992421388
0.960065511
0.998171007
0.99689852
0.972197819
0.921670842
0.746842603
0.985406709
0.996353694
0.990845755
0.711581959
0.952367831
0.997471805
0.651327493
0.992718005
0.99186024
0.924857444
0.996860125
0.876369743
0.991544204
0.991304641
0.990204034
0.985911369
0.990393769
0.931182394
0.924395092
0.924395092
0.996480583
0.996480583
0.990745367
0.988690345
0.997128018
0.996706905
0.993748245
0.993342709
0.996769517
0.982336336
0.997957671
0.995913798
0.99095315
0.995481976
0.996004219
0.990155933
0.984317389
0.990735333
0.992580121
0.99347786
0.99347786
0.99347786
0.984729789
0.979744075
0.951910877
0.993424719
0.996221259
0.997072128
0.998227083
0.998227083
0.991984654
0.99359828
0.996708474
0.992520673
0.413443018
0.912731859
0.991605012
0.995006709
0.992616261
0.799689737
0.953595503
0.997385671
0.996019935
0.996019935
0.996019935
0.996019935
0.996019935
0.996019935
0.996019935
0.996019935
0.996019935
0.996019935
0.996019935
0.996019935
0.996019935
0.994707849
0.994707849
0.994707849
0.994707849
0.983800313
0.983800313
0.983800313
0.983800313
0.972661906
0.992037914
0.042145574
0.904324056
0.03761296
0.75788318
0.994618454
0.892168256
0.996208519
0.996616268
0.997327396
0.998265814
0.996563412
0.985705487
0.926359661
0.996472786
0.996472786
0.88764559
0.995665853
0.993274647
0.997535778
0.997535778
0.998033519
0.98253117
0.995192576
0.997158144
0.976384043
0.952692074
0.985203375
0.985203375
0.991509896
0.991880464
0.06455326
0.99078918
0.972992473
0.820248289
0.820248289
0.992062445
0.986293195
0.855518393
0.997770962
0.998480391
0.998480391
0.995070181
0.998034678
0.998034678
0.99142778
0.99142778
0.99142778
0.996546773
0.965666702
0.996827241
0.981851874
0.991200746
0.994729539
0.992900126
0.982067428
0.996085395
0.998978826
0.997834616
0.997834616
0.998253762
0.998840101
0.998840101
0.998788179
0.998788179
0.998788179
0.996857687
0.998883593
0.996954862
0.996954862
0.993932352
0.998652588
0.998652588
0.998304915
0.997905836
0.994940163
0.993479631
0.991757835
0.990501849
0.996601189
0.99708128
0.99707804
0.998457768
0.998273326
0.870273536
0.995694018
0.993210652
0.411692988
0.996594796
0.997378322
0.997956554
0.998073946
0.992662815
0.998542979
0.997880508
0.997417038
0.99700224
0.997622915
0.998261233
0.998261233
0.997454073
0.996762316
0.996133206
0.948267537
0.993545589
0.978608696
0.978977397
0.996643993
0.998276103
0.997405529
0.99667645
0.994637407
0.993372038
0.993438491
0.996771559
0.996090932
0.996090932
0.921192366
0.993796176
0.997456584
0.998428489
0.998892609
0.99548283
0.990757071
0.996549455
0.993381619
0.993870289
0.23843132
0.815932594
0.993655765
0.997297711
0.229104447
0.98151196
0.98151196
0.492019124
0.997148512
0.94860874
0.935829765
0.977752309
0.935726875
0.99127084
0.938204979
0.983396883
0.982128476
0.987589504
0.978525936
0.987654955
0.996906888
0.996077395
0.977683037
0.986861426
0.004185082
0.977888965
0.970736746
0.867606163
0.081499771
0.081499771
0.697315144
0.978319278
0.928649131
0.928649131
6.73E-09
0.995658691
0.149818948
0.981486649
0.978762127
0.967534815
0.989302929
0.967245722
0.967245722
0.984743722
0.996872221
0.988490714
0.99601733
0.994576175
0.996375545
0.984395474
0.960784567
0.960784567
0.989173418
0.024023781
0.004925079
0.004925079
0.004925079
0.989152529
0.591720093
0.970660646
0.947561872
0.947561872
0.971596507
0.994901848
0.985130852
0.94212571
0.995275613
0.995275613
0.990900595
0.990900595
0.993152652
0.97931812
0.789082996
0.996312053
0.993496396
0.995370423
0.995770583
0.98525878
0.99668722
0.978165353
0.978165353
0.997100748
0.997100748
0.993549249
0.948819875
0.968454512
0.957668314
0.985451888
0.992784588
0.974650861
0.976324351
0.990334167
0.984964353
0.998914537
0.998914537
0.99735822
0.997920338
0.997552586
0.99425069
0.987419481
0.998604802
0.998201844
0.996949951
0.994070848
0.995843251
0.992679801
0.996817963
0.994943943
0.988792025
0.998222606
0.998022736
0.997322424
0.997322424
0.995726162
0.993634922
0.993805373
0.977920213
0.980287003
0.991523521
0.99348457
0.997239381
0.997239381
0.997239381
0.873343369
0.945591722
0.995143801
0.990434822
0.996833712
0.983657774
0.338371056
0.979529616
0.968615129
0.973927077
0.973927077
0.972758362
0.991675274
0.958313619
0.994805222
0.996184251
0.875427064
0.162149094
0.950143493
0.145357406
0.294531503
0.294531503
0.933407876
0.985216876
0.981790047
0.988635636
0.991445831
0.934497858
0.316251333
0.970964879
0.962098111
0.13735957
0.961239462
0.778989874
0.996458511
0.995467135
0.995590786
0.995863371
0.962512088
0.969312443
0.958104099
0.988705219
0.983428211
0.955870586
0.968523735
0.79537826
0.987600268
0.934806827
0.996304156
0.989615708
0.997025818
0.989656112
0.774117071
0.995304669
0.406647139
0.97182597
0.91805098
0.991994967
0.99550196
0.992394
0.970935154
0.990583031
0.995939443
0.995483788
0.991013402
0.992486616
0.989966337
0.988093476
0.74185226
0.228873237
4.15E-05
0.970457687
0.154622712
0.961664852
0.953915306
0.602139674
0.990530596
0.984636997
0.987306475
0.995043799
0.917235037
0.078471602
0.101503989
0.002279401
0.978303131
0.952470414
0.006607952
0.986610122
0.000533894
0.903110138
0.86696924
0.942825963
0.00016252
0.529712057
0.96944491
0.985329182
0.994076535
0.003415561
0.988322486
0.993451137
0.994142721
0.994142721
0.995537135
0.996329223
0.988287883
0.917890345
0.993418149
0.994315487
0.996119173
0.996937881
0.985310215
0.986345056
0.788721894
0.132560445
0.967023801
0.861499829
0.797740517
0.001585651
0.001585651
0.001585651
0.397972031
0.970046161
0.013621631
0.00348225
0.880576947
0.985945796
0.991417496
0.93574857
0.972411426
1.86E-05
3.86E-08
0.045252329
0.959244646
0.984243944
0.984243944
0.988078475
0.968707732
0.967455924
0.98927103
0.995155502
0.99310142
0.979941585
0.996031733
0.996031733
0.996141539
0.997196645
0.989140919
0.995771006
0.995943595
0.990934787
0.966979125
0.983106299
0.875025292
0.001808206
0.979402299
0.949548233
0.425511692
2.80E-08
0.674375951
0.889109046
0.002408206
0.667417647
0.881307331
0.040644229
0.974009778
0.884813645
0.884813645
0.972327923
0.997633134
0.990725363
0.959764557
0.969135837
0.808646234
0.98864466
0.022429973
0.988595479
0.988595479
0.038856959
1.43E-07
0.087031268
8.00E-05
1.91E-06
0.482375299
0.114723827
0.787636045
0.898264979
0.989135523
0.99153541
0.935412334
0.988216561
0.988776539
0.948413442
0.934869894
0.961019628
0.165279725
0.971644988
0.966932509
0.982532269
0.986428449
0.96490579
0.943343748
0.980775033
0.882339057
0.979512006
0.892636629
0.979619747
0.948338811
0.994610933
0.99785884
0.989021369
0.854502003
0.986223298
0.997368076
0.992992207
0.995040588
0.997347028
0.994552966
0.992696942
0.995847359
0.989731606
0.754699251
0.989067834
0.986215482
0.985613159
0.989855062
0.997361198
0.997361198
0.995405129
0.995405129
0.955783446
0.993548874
0.994831269
0.99483095
0.995199015
0.995577513
0.991312508
0.997227366
0.994700525
0.996829692
0.994656195
0.9890097
0.995637374
0.985799309
0.998498258
0.996609621
0.995954187
0.998024858
0.998788589
0.997181761
0.994674104
0.996847189
0.998238185
0.998238185
0.998179498
0.998921597
0.998529879
0.998529879
0.998880443
0.998483771
0.998109527
0.99861992
0.998623551
0.997847135
0.997847135
0.998027512
0.996016678
0.993893405
0.997717414
0.998520483
0.998604439
0.998616171
0.997050304
0.998352774
0.998524547
0.997782959
0.998320051
0.998320051
0.998805188
0.997324962
0.997306121
0.993868728
0.998907048
0.99732789
0.997797539
0.998737167
0.995026611
0.995432138
0.998759526
0.998759526
0.997989855
0.998560433
0.998104241
0.998408175
0.998203989
0.997227603
0.995538088
0.995002235
0.985589127
0.992244888
0.997633997
0.847540119
0.992261634
0.984151075
0.007523063
0.97453314
0.995370824
0.989255457
0.990989138
0.989950963
0.997164378
0.99367066
0.988535199
0.996545188
0.996301154
0.99094609
0.99094609
0.969955491
0.996586074
0.997691673
0.993686011
0.992616923
0.941249812
0.979081689
0.998103833
0.99546523
0.997223401
0.998010464
0.997213114
0.994158029
0.981248723
0.96773986
0.863332416
0.698009107
0.981763936
0.964716833
0.977710382
0.98973212
0.99563035
0.99563035
0.940074093
0.951634861
0.994350764
0.996723286
0.989920099
0.996731375
0.989387648
0.989387648
0.99644758
0.980518833
0.990240154
0.997146955
0.996020473
0.994455924
0.995601085
0.99746414
0.994018217
0.991718475
0.955956701
0.955956701
0.9819291
0.99730009
0.996470649
0.989436878
0.996899617
0.997632162
0.996226805
0.995654867
0.995654867
0.991413834
0.991413834
0.963053889
0.963053889
0.96083472
0.985993675
0.993794032
0.998218523
0.993196422
0.99836415
0.998159044
0.998159044
0.998276478
0.995721271
0.995721271
0.998335438
0.998760543
0.997894092
0.997122407
0.998101607
0.996027121
0.994527533
0.994527533
0.995960904
0.998063574
0.998063574
0.997449442
0.996855408
0.996855408
0.986796011
0.994444358
0.99512205
0.991323233
0.975016507
0.972168383
0.944634837
0.994947161
0.987434597
0.987434597
0.993389104
0.963026065
0.963026065
0.995894243
0.995894243
0.853612467
0.006809273
0.895677697
0.996336527
0.108389228
0.914457003
0.986863706
0.987005037
0.987005037
0.900409359
3.02E-05
0.991460019
0.991460019
0.996187614
0.996187614
0.993189599
0.976017196
0.983775183
0.973727753
0.839043084
0.994454383
0.996436935
0.994721195
0.992809158
0.996584985
0.997869359
0.996595773
0.997116346
0.984993169
0.997329622
0.995955064
0.944105763
0.980963617
0.933817296
0.997807169
0.895919016
0.895919016
0.92066947
0.995063075
0.961994194
0.989812225
0.903397109
0.966976458
0.9948848
0.955013172
0.992346007
0.991743546
0.991743546
0.99615162
0.994856169
0.968975924
0.997196302
6.76E-08
0.986801406
0.054070368
0.986655419
0.013361141
0.922327169
0.990310616
0.997620544
0.995411113
0.995411113
0.991686201
0.995318239
0.995423717
0.857907417
0.96629324
0.970530378
0.970530378
0.991220162
0.991220162
0.98193331
0.992623839
0.986430258
0.984647806
0.995306944
0.985583527
0.99837824
0.995226637
0.996926597
0.99868855
0.98783192
0.995712303
0.996949986
0.996949986
0.964615265
0.996599967
0.998181371
0.983908934
0.99599966
0.996664459
0.988823229
0.996440538
0.994313734
0.993674477
0.995967667
0.995994184
0.8425409
0.977696331
0.986858595
0.986858595
0.988326589
0.973995991
0.966075239
0.966075239
0.346269082
0.989309429
0.976330227
0.139693981
0.99538131
0.988621583
0.994918394
0.97547189
0.99497982
0.993528551
0.994039356
0.976974052
0.986504317
0.986504317
0.011661914
0.991588469
0.994609173
0.994609173
0.964695409
0.398267106
0.072056389
0.990423266
0.994731391
0.939330688
0.991713916
0.997594074
0.993413435
0.991181611
0.942746323
0.98743732
0.401296838
0.993881326
0.993881326
0.992052739
0.991666987
0.980236119
0.961561698
0.994787051
0.989705129
0.998108256
0.996284273
0.994922208
0.973059922
0.956747982
0.862310361
0.993431028
0.983150826
0.993141866
0.993141866
0.677472165
0.992418764
0.98741969
0.980529239
0.981573085
0.995030951
0.995855395
0.986667751
0.992261848
0.028511532
0.982645753
0.259973843
0.966014517
0.956812004
0.938924642
0.801634634
0.502336043
0.989469806
0.985658688
0.894285606
0.985424009
0.985424009
0.977201949
0.97656588
0.97656588
0.972415398
0.997242941
0.997242941
0.97299039
0.986836127
0.995879495
0.998124484
0.994242983
0.990494947
0.994568937
0.998430068
0.985505862
0.992407033
0.990621973
0.99744949
0.988541019
0.981183706
0.996529349
0.996432732
0.992107912
0.972474172
0.99283981
0.790735523
0.983470249
0.96133956
0.99355231
0.989903941
0.983956196
0.996166597
0.647441838
0.972509786
0.771645162
0.637034836
0.843868516
0.344024915
0.941356832
0.982915768
0.955609874
0.069587454
0.994926351
0.987448582
0.88973887
0.945040236
0.452769997
0.022137233
0.022137233
0.992594873
0.986265307
0.986226247
0.97938963
0.758065572
0.995629343
0.995629343
0.996119378
0.993532675
0.981687928
0.960936609
0.996557451
0.962301725
0.879519154
0.533304763
0.847411276
0.976131197
0.497954897
2.69E-05
0.990719831
0.978712569
0.951588268
0.993987533
0.9953774
0.995690443
0.980443663
0.995181077
0.142383253
0.006661955
0.000555085
0.777161499
0.000251951
0.960259853
0.111350482
0.734576729
0.920052616
0.655990957
0.076784375
0.954120785
0.003000372
0.003000372
0.96745167
0.766955006
0.648929961
0.983472092
0.151578209
0.971746063
0.920666874
0.920666874
0.955372414
0.955372414
0.051848479
0.404966604
0.425453561
0.951366802
0.969842818
0.468529007
0.970254525
0.992579375
0.963016557
0.963016557
0.995298468
0.985513453
0.91256152
0.989771421
0.982771657
0.993171195
0.98722424
0.988965335
0.988965335
0.979704401
0.908125104
0.579325151
0.579325151
0.579325151
0.959018269
0.937902168
0.937902168
0.937902168
0.937902168
0.937902168
0.937902168
0.873338411
0.99241499
0.99241499
0.043423507
0.880435649
0.880435649
0.916694895
0.935437252
0.508046311
0.29865946
0.805548214
0.711156351
0.969090712
0.803209076
0.991786485
0.384986617
0.968433438
0.992290574
0.968542372
0.984062489
0.977827012
0.622238378
2.56E-08
4.53E-08
0.000411224
5.96E-06
0.000178845
0.987611573
0.989730058
0.9976141
4.27E-05
0.982439384
0.992579904
0.233332175
0.981850511
0.000175657
0.288294114
0.691051221
0.986564034
0.994583577
0.994583577
0.988219158
0.642109583
0.969752812
0.991124101
0.985023626
0.993916441
0.983495058
0.993939158
0.997228465
0.936354419
0.99482016
0.997891308
0.994847158
0.992022185
0.91006138
0.97315556
0.993103814
0.98920575
0.939593969
0.945968013
0.912643291
0.702658877
0.984826343
0.993415197
0.982493487
0.471346108
0.958792314
0.825444273
0.983618094
8.49E-05
0.784998934
0.784998934
0.896732341
0.99639093
0.996427925
0.99642357
0.983329066
0.99405054
0.960106483
0.972359584
0.99334613
0.788084907
0.985885695
0.250156902
0.250156902
0.250156902
0.939704031
0.939704031
0.876585183
0.876585183
0.715483358
0.015854225
0.793449325
0.958931217
0.995276667
0.052700348
0.933396306
0.813546347
0.813546347
0.62554945
0.007445393
0.993592857
0.966662933
0.995138757
0.978478512
0.82363556
0.96948827
0.893573124
0.893573124
0.025986476
0.000319575
0.003292818
0.994012862
0.974796624
0.968827502
0.931489347
0.992801893
0.950722162
0.964128869
0.773097463
0.991920346
0.761881072
0.992737055
0.982255004
0.967510923
0.982473615
0.442807712
0.976865311
0.957469095
0.998018558
0.338380134
0.992206931
0.995179218
0.996932253
0.998670802
0.998579567
0.980906946
0.99631799
0.99570043
0.99570043
0.993198412
0.966170615
0.997786409
0.993699257
0.99586469
0.995518314
0.996895762
0.997114606
0.991625135
0.994849396
0.995290604
0.99602187
0.991452074
0.945184908
0.996117053
0.924046214
0.953005511
0.820691361
0.975762616
0.848544531
0.933449952
0.967195414
0.987769763
0.986254317
0.986254317
0.958450679
0.063354211
0.432637345
0.981414359
0.940753484
0.993232141
0.969212161
0.921542317
0.985114201
0.977117449
0.996952064
0.984780131
0.996706915
0.996633759
0.587491314
0.987104614
0.801037859
0.973669772
0.998124191
0.998322132
0.98689841
0.984328071
0.995101391
0.372062314
0.996829064
0.994042956
0.993087555
0.08912548
0.910396107
0.979870833
0.980932053
0.973615123
0.974933201
0.988295655
0.988295655
0.988295655
0.988295655
0.001956984
0.911543827
0.911543827
0.446805418
0.609967713
0.609967713
0.964232133
0.966442415
0.702473766
0.000512825
0.820792481
0.964721988
0.996564418
0.997156663
0.995407235
0.986647098
0.968187435
0.995997244
0.943579361
0.993497355
0.974527328
0.644706912
0.473750062
0.980721229
0.482394023
0.053637824
0.053637824
0.996364001
0.922672467
0.976075282
0.976075282
0.997206929
0.882606032
0.882606032
0.989293706
0.988019704
0.992488145
0.985111291
0.040697117
0.329765862
0.040293591
0.988761698
0.916927117
0.980242002
0.948656154
0.000407684
0.988078915
0.50376026
0.996610358
0.997518225
0.941084329
0.996508421
0.998392729
0.997519102
0.997519102
0.994875127
0.996579811
0.988215487
0.170086529
0.988676894
0.960320237
0.995053154
6.90E-06
0.680067732
0.719070359
0.851560894
0.710345732
0.976316338
0.422878018
0.930477515
0.969883378
0.912115053
0.981288269
0.98496072
0.986626178
0.988052798
4.81E-06
4.81E-06
4.90E-08
0.000264041
0.00024252
0.002189791
0.267843762
0.004627624
0.887315373
0.991198026
0.991848484
0.966571165
0.75557729
0.976328704
0.882054651
0.945708576
0.39708235
0.984852358
0.255007002
0.913982853
0.913982853
0.913982853
0.986716739
0.969143765
0.974165928
0.815587303
0.984956499
0.902064608
0.987319219
0.968053666
0.964966793
0.980879631
0.980879631
0.995121142
0.991696404
0.952166627
0.833659091
0.997636446
0.992536445
0.996898308
0.996898308
0.991020432
0.702894769
0.983099103
0.995954317
0.994295708
0.994295708
0.986656619
0.971133386
0.997089001
0.997089001
0.997102217
0.996872373
0.997955145
0.997955145
0.995396279
0.995177352
0.993544855
0.994942976
0.996426353
0.996426353
0.991284832
0.996621242
0.996621242
0.993439217
0.998643543
0.998102103
0.998689695
0.996999825
0.997972427
0.995514072
0.995708725
0.997516587
0.998175418
0.998438619
0.997990889
0.997573923
0.99792689
0.997532832
0.998912528
0.998912528
0.998787246
0.998721526
0.99889763
0.998839233
0.998704918
0.996865693
0.997897027
0.997618996
0.99571741
0.99847476
0.99530385
0.998082794
0.99621031
0.99621031
0.997320005
0.997320005
0.997769711
0.998401949
0.998401949
0.998755908
0.998503297
0.995154094
0.994324493
0.99709365
0.998183121
0.998183121
0.992804678
0.997809286
0.997510586
0.996487593
0.996487593
0.996487593
0.967512141
0.972000147
0.997558289
0.997558289
0.997293354
0.996971153
0.98947116
0.995194415
0.990183277
0.990183277
0.942772528
0.993200817
0.997708726
0.996414014
0.996414014
0.946907852
0.995511686
0.997618138
0.963761439
0.996010974
0.991757386
0.982554971
0.996337525
0.997965718
0.998107384
0.992832383
0.17397241
0.918166919
0.995510423
0.985858911
0.985858911
0.976135896
0.975834155
0.987933102
0.99204638
0.995567975
0.994951199
0.967440353
0.161287984
0.97453542
0.794371897
0.984254774
0.998555532
0.99078112
0.931269666
0.99348459
0.973082279
0.99651048
0.972311904
0.989143754
0.998758596
0.998684828
0.998684828
0.998259929
0.996441835
0.992031645
0.995657937
0.996371034
0.995610708
0.993805825
0.995061579
0.986047471
0.996772266
0.997330983
0.996005478
0.995238834
0.99679727
0.99403221
0.802875756
0.953511489
0.994418349
0.99552686
0.978252618
0.990270761
0.998287703
0.998547697
0.997112574
0.997628409
0.995296778
0.993633077
0.962303066
0.97145386
0.997508763
0.995189096
0.980459818
0.997562276
0.992059921
0.993776198
0.994581287
0.994883592
0.992074713
0.996822446
0.996822446
0.994873015
0.996312347
0.996330549
0.969700445
0.995558979
0.997058939
0.996672016
0.993207559
0.973531897
0.965100793
0.965100793
0.988917886
0.993230513
0.975950939
0.927199385
0.202877254
0.983685659
0.955737923
0.152912603
0.997119883
0.954873307
0.936588571
0.96106424
0.949653006
0.991621991
0.994284945
0.506897611
0.973606023
0.925934078
0.878044184
0.994472012
0.974523293
0.997212318
0.977788482
0.990043131
0.884284252
0.470987056
0.973368711
0.973368711
0.990346346
0.972439499
0.959417373
0.977053036
0.649225364
0.97340075
0.984478315
0.776824119
0.011826159
0.97186599
0.997074969
0.998258863
0.993416863
0.99850004
0.99704327
0.997267401
0.996191211
0.994210527
0.72163991
0.994831198
0.992346713
0.993103389
0.961559242
0.996907069
0.108542184
0.351635485
0.990781036
0.990781036
0.987947947
0.958691514
0.993931656
0.993704577
0.994194077
0.952391783
0.997838701
0.9958887
0.994888108
0.991538966
0.994703614
0.991187272
0.989774048
0.372668147
0.131273163
0.99400017
0.990928967
0.996881495
0.985674393
0.000690308
0.943750273
0.520800268
0.625566276
0.988684035
6.17E-05
0.959544618
0.602773981
0.992373817
0.931432482
0.983842266
0.996147904
0.996147904
0.993237006
0.55479118
0.990705016
0.9926575
0.987441016
0.984300834
0.996653534
0.996063098
0.996669965
0.996669965
0.997218926
0.996170981
0.998444314
0.998008606
0.996734687
0.996734687
0.997641972
0.997838326
0.971867707
0.941922282
0.993306937
0.993306937
0.974685197
0.949743969
0.992688441
0.919605108
0.919605108
0.994437488
0.991634293
0.674244541
0.990438124
0.975020833
0.864243287
0.864243287
0.926832879
0.980227593
0.996582594
0.994659799
0.674831828
0.978690958
0.983270951
0.985299146
0.993279049
0.973336641
0.997913852
0.997314805
0.992439098
0.991175015
0.997130158
0.997036153
0.997036153
0.997036153
0.995998331
0.983938066
0.901670991
0.921547469
0.238950146
0.986833608
0.985226574
0.014822367
0.007845147
0.946221385
0.885157533
0.90316891
0.237411531
0.89730471
0.994040056
0.994340477
0.993819502
0.995513948
0.997876972
0.997876972
0.996137016
0.996969572
0.989635472
0.98379873
0.994105337
0.99595793
0.99595793
0.960572865
0.994818478
0.996926833
0.98342066
0.98136684
0.990957301
0.990957301
0.990942836
0.990942836
0.972491775
0.992524824
0.992524824
0.99658388
0.997206204
0.979081257
0.882468972
0.932994742
0.993356108
0.984337945
0.941439921
0.556968176
0.988402982
0.983747278
0.989145498
0.554103382
0.979339173
0.459886872
0.972493615
0.99265295
0.983337223
0.990868682
0.996856694
0.988067171
0.64329684
0.94733527
0.994078537
0.996035922
0.997780216
0.997780216
0.99745363
0.99745363
0.99335182
0.996130289
0.996540134
0.996585791
0.985087378
0.994559847
0.858985727
0.247545257
0.986303502
0.914217779
0.456030726
0.991084096
0.967353349
0.962198966
0.920700184
0.920700184
0.200879036
0.98597011
0.98597011
0.987878283
0.996297176
0.480198341
0.791744961
0.013401186
0.054706746
0.95758722
0.893796271
0.038540274
0.99645676
0.996294917
0.995946699
0.994776853
0.97504847
0.945313679
0.987264228
0.987264228
0.9909961
0.630159888
0.991270457
0.975220279
0.991943801
0.993036198
0.227305416
0.965184135
0.948623086
0.970012551
0.968894706
0.991268961
0.993138198
0.00122168
0.021751323
0.257901543
7.96E-05
0.793697047
0.020970618
0.39798143
0.969677403
0.932580155
0.875118764
0.975988738
0.001681516
0.06724995
0.450816026
0.993911567
0.99814496
0.996674654
0.991589002
0.958050776
4.99E-05
0.987667814
0.051527914
0.939815409
0.984765415
0.749401027
0.983834583
0.991325189
0.983276763
0.000858078
0.399953751
0.018328329
0.986356822
0.007370781
0.660233435
0.004280745
0.989187936
0.140582398
3.08E-06
0.586723636
0.386653284
0.637542179
0.637542179
0.917609323
0.97112454
0.997200784
0.956358322
0.56846347
0.817315443
0.996144051
0.956102143
0.978536262
0.990584548
0.982595684
0.079073243
0.977209589
0.007727645
0.899533174
0.000362743
3.01E-05
0.069646829
0.029355998
0.201991905
0.391993228
0.000320372
0.031658368
0.945319564
0.635524131
0.949328808
0.947464424
0.978014767
0.890614896
0.006280376
0.987879667
0.681568096
0.204950224
0.084119041
0.550295495
7.14E-06
0.013724549
1.87E-06
0.109691002
0.627326897
0.996111749
0.994475891
0.981762832
0.99508035
0.996964019
0.994903164
0.125536775
0.963455395
0.995441896
0.032289563
0.904940876
0.995572116
0.26510584
0.26510584
0.974426838
0.967358243
0.90400273
0.996670527
0.987596155
0.994412247
0.99666505
0.99666505
0.997892224
0.949557165
0.995646056
0.997212336
0.989942433
0.99451664
0.482192732
0.80180148
0.996530832
0.976713914
0.866287753
0.848476429
0.901118916
0.978992798
0.978709706
0.940733696
0.883028901
0.895132018
0.942053763
0.942053763
0.463332415
0.917618863
0.432153773
0.997623929
0.993801496
0.994338927
0.993022484
0.98656125
0.600450993
1.23E-05
0.045567794
0.980236707
0.980236707
0.433298382
0.281820341
0.95974971
0.6520051
0.007665981
0.313899318
0.38419604
0.93457931
0.991073221
0.81654361
0.961625451
0.961625451
0.983033189
0.586945867
0.963576071
0.949738709
0.933377318
0.179935383
0.233366372
0.940814032
0.837858949
0.986863404
0.962203659
0.996633184
0.953178117
0.991610749
0.7778534
0.94668049
0.930061623
0.444503716
0.544768475
1.05E-05
0.923753706
0.925814676
0.925814676
0.187387443
0.869446085
0.987328084
0.964255656
0.925944854
0.437410632
0.992490489
0.9970069
0.989527879
0.767189359
0.740187264
0.000493261
0.986586102
0.690147317
0.970434787
